
K = 2.1403 (for coverage probability level of ~90%)


N = 50

_______________________________________________________________________________________________________________________________________________________________________________________________
     alpha |  0.00  |  0.05  |  0.10  |  0.15  |  0.20  |  0.25  |  0.30  |  0.35  |  0.40  |  0.45  |  0.50  |  0.55  |  0.60  |  0.65  |  0.70  |  0.75  |  0.80  |  0.85  |  0.90  |  0.95 
_______________________________________________________________________________________________________________________________________________________________________________________________
N0 =   10  | 0.9003 | 0.9003 | 0.9004 | 0.9004 | 0.9005 | 0.9005 | 0.9006 | 0.9007 | 0.9008 | 0.9009 | 0.9011 | 0.9012 | 0.9015 | 0.9017 | 0.9021 | 0.9027 | 0.9034 | 0.9046 | 0.9067 | 0.9112
N0 =   15  | 0.9005 | 0.9005 | 0.9005 | 0.9006 | 0.9006 | 0.9006 | 0.9007 | 0.9008 | 0.9008 | 0.9009 | 0.9010 | 0.9012 | 0.9013 | 0.9016 | 0.9019 | 0.9023 | 0.9029 | 0.9040 | 0.9059 | 0.9107
N0 =   20  | 0.9007 | 0.9008 | 0.9008 | 0.9008 | 0.9009 | 0.9009 | 0.9009 | 0.9010 | 0.9011 | 0.9011 | 0.9012 | 0.9014 | 0.9015 | 0.9017 | 0.9020 | 0.9023 | 0.9029 | 0.9039 | 0.9058 | 0.9107
N0 =   25  | 0.9011 | 0.9011 | 0.9012 | 0.9012 | 0.9012 | 0.9013 | 0.9013 | 0.9014 | 0.9014 | 0.9015 | 0.9016 | 0.9017 | 0.9018 | 0.9020 | 0.9023 | 0.9026 | 0.9032 | 0.9041 | 0.9060 | 0.9111
N0 =   30  | 0.9016 | 0.9016 | 0.9017 | 0.9017 | 0.9017 | 0.9018 | 0.9018 | 0.9019 | 0.9019 | 0.9020 | 0.9021 | 0.9022 | 0.9023 | 0.9025 | 0.9028 | 0.9031 | 0.9037 | 0.9046 | 0.9065 | 0.9118
N0 =   35  | 0.9022 | 0.9023 | 0.9023 | 0.9023 | 0.9024 | 0.9024 | 0.9025 | 0.9025 | 0.9026 | 0.9027 | 0.9028 | 0.9029 | 0.9030 | 0.9032 | 0.9035 | 0.9038 | 0.9044 | 0.9054 | 0.9073 | 0.9128
N0 =   40  | 0.9031 | 0.9031 | 0.9031 | 0.9032 | 0.9032 | 0.9033 | 0.9033 | 0.9034 | 0.9034 | 0.9035 | 0.9036 | 0.9037 | 0.9039 | 0.9041 | 0.9044 | 0.9048 | 0.9053 | 0.9063 | 0.9084 | 0.9140



N = 100

_______________________________________________________________________________________________________________________________________________________________________________________________
     alpha |  0.00  |  0.05  |  0.10  |  0.15  |  0.20  |  0.25  |  0.30  |  0.35  |  0.40  |  0.45  |  0.50  |  0.55  |  0.60  |  0.65  |  0.70  |  0.75  |  0.80  |  0.85  |  0.90  |  0.95 
_______________________________________________________________________________________________________________________________________________________________________________________________
N0 =   20  | 0.9001 | 0.9002 | 0.9002 | 0.9002 | 0.9002 | 0.9002 | 0.9003 | 0.9003 | 0.9004 | 0.9004 | 0.9005 | 0.9006 | 0.9007 | 0.9008 | 0.9010 | 0.9012 | 0.9016 | 0.9023 | 0.9035 | 0.9067
N0 =   30  | 0.9003 | 0.9004 | 0.9004 | 0.9004 | 0.9004 | 0.9004 | 0.9005 | 0.9005 | 0.9005 | 0.9006 | 0.9006 | 0.9007 | 0.9007 | 0.9009 | 0.9010 | 0.9012 | 0.9015 | 0.9020 | 0.9030 | 0.9060
N0 =   40  | 0.9006 | 0.9006 | 0.9007 | 0.9007 | 0.9007 | 0.9007 | 0.9007 | 0.9008 | 0.9008 | 0.9008 | 0.9009 | 0.9009 | 0.9010 | 0.9011 | 0.9012 | 0.9014 | 0.9016 | 0.9021 | 0.9030 | 0.9059
N0 =   50  | 0.9010 | 0.9010 | 0.9010 | 0.9011 | 0.9011 | 0.9011 | 0.9011 | 0.9011 | 0.9012 | 0.9012 | 0.9012 | 0.9013 | 0.9014 | 0.9015 | 0.9016 | 0.9017 | 0.9020 | 0.9024 | 0.9033 | 0.9061
N0 =   60  | 0.9015 | 0.9015 | 0.9015 | 0.9016 | 0.9016 | 0.9016 | 0.9016 | 0.9016 | 0.9017 | 0.9017 | 0.9017 | 0.9018 | 0.9019 | 0.9020 | 0.9021 | 0.9022 | 0.9025 | 0.9029 | 0.9038 | 0.9066
N0 =   70  | 0.9021 | 0.9022 | 0.9022 | 0.9022 | 0.9022 | 0.9022 | 0.9023 | 0.9023 | 0.9023 | 0.9023 | 0.9024 | 0.9024 | 0.9025 | 0.9026 | 0.9027 | 0.9029 | 0.9032 | 0.9036 | 0.9045 | 0.9074
N0 =   80  | 0.9030 | 0.9030 | 0.9030 | 0.9030 | 0.9030 | 0.9031 | 0.9031 | 0.9031 | 0.9031 | 0.9032 | 0.9032 | 0.9033 | 0.9034 | 0.9035 | 0.9036 | 0.9038 | 0.9040 | 0.9045 | 0.9055 | 0.9085



N = 200

_______________________________________________________________________________________________________________________________________________________________________________________________
     alpha |  0.00  |  0.05  |  0.10  |  0.15  |  0.20  |  0.25  |  0.30  |  0.35  |  0.40  |  0.45  |  0.50  |  0.55  |  0.60  |  0.65  |  0.70  |  0.75  |  0.80  |  0.85  |  0.90  |  0.95 
_______________________________________________________________________________________________________________________________________________________________________________________________
N0 =   40  | 0.9001 | 0.9001 | 0.9001 | 0.9001 | 0.9001 | 0.9001 | 0.9001 | 0.9001 | 0.9002 | 0.9002 | 0.9002 | 0.9003 | 0.9003 | 0.9004 | 0.9005 | 0.9006 | 0.9008 | 0.9011 | 0.9017 | 0.9035
N0 =   60  | 0.9003 | 0.9003 | 0.9003 | 0.9003 | 0.9003 | 0.9003 | 0.9003 | 0.9004 | 0.9004 | 0.9004 | 0.9004 | 0.9004 | 0.9005 | 0.9005 | 0.9006 | 0.9007 | 0.9008 | 0.9011 | 0.9016 | 0.9031
N0 =   80  | 0.9006 | 0.9006 | 0.9006 | 0.9006 | 0.9006 | 0.9006 | 0.9006 | 0.9006 | 0.9007 | 0.9007 | 0.9007 | 0.9007 | 0.9008 | 0.9008 | 0.9009 | 0.9009 | 0.9011 | 0.9013 | 0.9017 | 0.9031
N0 =  100  | 0.9010 | 0.9010 | 0.9010 | 0.9010 | 0.9010 | 0.9010 | 0.9010 | 0.9010 | 0.9010 | 0.9011 | 0.9011 | 0.9011 | 0.9011 | 0.9012 | 0.9012 | 0.9013 | 0.9014 | 0.9016 | 0.9021 | 0.9034
N0 =  120  | 0.9015 | 0.9015 | 0.9015 | 0.9015 | 0.9015 | 0.9015 | 0.9015 | 0.9015 | 0.9015 | 0.9016 | 0.9016 | 0.9016 | 0.9016 | 0.9017 | 0.9017 | 0.9018 | 0.9019 | 0.9021 | 0.9026 | 0.9039
N0 =  140  | 0.9021 | 0.9021 | 0.9021 | 0.9021 | 0.9021 | 0.9021 | 0.9022 | 0.9022 | 0.9022 | 0.9022 | 0.9022 | 0.9022 | 0.9023 | 0.9023 | 0.9024 | 0.9025 | 0.9026 | 0.9028 | 0.9032 | 0.9046
N0 =  160  | 0.9029 | 0.9029 | 0.9029 | 0.9029 | 0.9029 | 0.9030 | 0.9030 | 0.9030 | 0.9030 | 0.9030 | 0.9030 | 0.9031 | 0.9031 | 0.9032 | 0.9032 | 0.9033 | 0.9034 | 0.9037 | 0.9041 | 0.9056



N = 400

_______________________________________________________________________________________________________________________________________________________________________________________________
     alpha |  0.00  |  0.05  |  0.10  |  0.15  |  0.20  |  0.25  |  0.30  |  0.35  |  0.40  |  0.45  |  0.50  |  0.55  |  0.60  |  0.65  |  0.70  |  0.75  |  0.80  |  0.85  |  0.90  |  0.95 
_______________________________________________________________________________________________________________________________________________________________________________________________
N0 =   80  | 0.9000 | 0.9000 | 0.9000 | 0.9000 | 0.9000 | 0.9001 | 0.9001 | 0.9001 | 0.9001 | 0.9001 | 0.9001 | 0.9001 | 0.9001 | 0.9002 | 0.9002 | 0.9003 | 0.9004 | 0.9005 | 0.9008 | 0.9017
N0 =  120  | 0.9003 | 0.9003 | 0.9003 | 0.9003 | 0.9003 | 0.9003 | 0.9003 | 0.9003 | 0.9003 | 0.9003 | 0.9003 | 0.9003 | 0.9004 | 0.9004 | 0.9004 | 0.9005 | 0.9005 | 0.9006 | 0.9009 | 0.9016
N0 =  160  | 0.9006 | 0.9006 | 0.9006 | 0.9006 | 0.9006 | 0.9006 | 0.9006 | 0.9006 | 0.9006 | 0.9006 | 0.9006 | 0.9006 | 0.9007 | 0.9007 | 0.9007 | 0.9007 | 0.9008 | 0.9009 | 0.9011 | 0.9018
N0 =  200  | 0.9010 | 0.9010 | 0.9010 | 0.9010 | 0.9010 | 0.9010 | 0.9010 | 0.9010 | 0.9010 | 0.9010 | 0.9010 | 0.9010 | 0.9010 | 0.9011 | 0.9011 | 0.9011 | 0.9012 | 0.9013 | 0.9015 | 0.9021
N0 =  240  | 0.9014 | 0.9014 | 0.9014 | 0.9015 | 0.9015 | 0.9015 | 0.9015 | 0.9015 | 0.9015 | 0.9015 | 0.9015 | 0.9015 | 0.9015 | 0.9015 | 0.9016 | 0.9016 | 0.9017 | 0.9018 | 0.9020 | 0.9026
N0 =  280  | 0.9021 | 0.9021 | 0.9021 | 0.9021 | 0.9021 | 0.9021 | 0.9021 | 0.9021 | 0.9021 | 0.9021 | 0.9021 | 0.9021 | 0.9022 | 0.9022 | 0.9022 | 0.9023 | 0.9023 | 0.9024 | 0.9026 | 0.9033
N0 =  320  | 0.9029 | 0.9029 | 0.9029 | 0.9029 | 0.9029 | 0.9029 | 0.9029 | 0.9029 | 0.9029 | 0.9029 | 0.9030 | 0.9030 | 0.9030 | 0.9030 | 0.9030 | 0.9031 | 0.9031 | 0.9033 | 0.9035 | 0.9042



N = 600

_______________________________________________________________________________________________________________________________________________________________________________________________
     alpha |  0.00  |  0.05  |  0.10  |  0.15  |  0.20  |  0.25  |  0.30  |  0.35  |  0.40  |  0.45  |  0.50  |  0.55  |  0.60  |  0.65  |  0.70  |  0.75  |  0.80  |  0.85  |  0.90  |  0.95 
_______________________________________________________________________________________________________________________________________________________________________________________________
N0 =  120  | 0.9000 | 0.9000 | 0.9000 | 0.9000 | 0.9000 | 0.9000 | 0.9000 | 0.9000 | 0.9001 | 0.9001 | 0.9001 | 0.9001 | 0.9001 | 0.9001 | 0.9001 | 0.9002 | 0.9002 | 0.9003 | 0.9005 | 0.9011
N0 =  180  | 0.9003 | 0.9003 | 0.9003 | 0.9003 | 0.9003 | 0.9003 | 0.9003 | 0.9003 | 0.9003 | 0.9003 | 0.9003 | 0.9003 | 0.9003 | 0.9003 | 0.9004 | 0.9004 | 0.9004 | 0.9005 | 0.9006 | 0.9011
N0 =  240  | 0.9006 | 0.9006 | 0.9006 | 0.9006 | 0.9006 | 0.9006 | 0.9006 | 0.9006 | 0.9006 | 0.9006 | 0.9006 | 0.9006 | 0.9006 | 0.9006 | 0.9006 | 0.9007 | 0.9007 | 0.9008 | 0.9009 | 0.9013
N0 =  300  | 0.9009 | 0.9009 | 0.9009 | 0.9009 | 0.9010 | 0.9010 | 0.9010 | 0.9010 | 0.9010 | 0.9010 | 0.9010 | 0.9010 | 0.9010 | 0.9010 | 0.9010 | 0.9011 | 0.9011 | 0.9012 | 0.9013 | 0.9017
N0 =  360  | 0.9014 | 0.9014 | 0.9014 | 0.9014 | 0.9014 | 0.9014 | 0.9015 | 0.9015 | 0.9015 | 0.9015 | 0.9015 | 0.9015 | 0.9015 | 0.9015 | 0.9015 | 0.9015 | 0.9016 | 0.9017 | 0.9018 | 0.9022
N0 =  420  | 0.9021 | 0.9021 | 0.9021 | 0.9021 | 0.9021 | 0.9021 | 0.9021 | 0.9021 | 0.9021 | 0.9021 | 0.9021 | 0.9021 | 0.9021 | 0.9021 | 0.9022 | 0.9022 | 0.9022 | 0.9023 | 0.9024 | 0.9028
N0 =  480  | 0.9029 | 0.9029 | 0.9029 | 0.9029 | 0.9029 | 0.9029 | 0.9029 | 0.9029 | 0.9029 | 0.9029 | 0.9029 | 0.9029 | 0.9029 | 0.9030 | 0.9030 | 0.9030 | 0.9030 | 0.9031 | 0.9033 | 0.9037



N = 800

_______________________________________________________________________________________________________________________________________________________________________________________________
     alpha |  0.00  |  0.05  |  0.10  |  0.15  |  0.20  |  0.25  |  0.30  |  0.35  |  0.40  |  0.45  |  0.50  |  0.55  |  0.60  |  0.65  |  0.70  |  0.75  |  0.80  |  0.85  |  0.90  |  0.95 
_______________________________________________________________________________________________________________________________________________________________________________________________
N0 =  160  | 0.9000 | 0.9000 | 0.9000 | 0.9000 | 0.9000 | 0.9000 | 0.9000 | 0.9000 | 0.9000 | 0.9000 | 0.9001 | 0.9001 | 0.9001 | 0.9001 | 0.9001 | 0.9001 | 0.9002 | 0.9002 | 0.9004 | 0.9008
N0 =  240  | 0.9003 | 0.9003 | 0.9003 | 0.9003 | 0.9003 | 0.9003 | 0.9003 | 0.9003 | 0.9003 | 0.9003 | 0.9003 | 0.9003 | 0.9003 | 0.9003 | 0.9003 | 0.9003 | 0.9004 | 0.9004 | 0.9005 | 0.9009
N0 =  320  | 0.9006 | 0.9006 | 0.9006 | 0.9006 | 0.9006 | 0.9006 | 0.9006 | 0.9006 | 0.9006 | 0.9006 | 0.9006 | 0.9006 | 0.9006 | 0.9006 | 0.9006 | 0.9006 | 0.9007 | 0.9007 | 0.9008 | 0.9011
N0 =  400  | 0.9009 | 0.9009 | 0.9009 | 0.9009 | 0.9009 | 0.9009 | 0.9010 | 0.9010 | 0.9010 | 0.9010 | 0.9010 | 0.9010 | 0.9010 | 0.9010 | 0.9010 | 0.9010 | 0.9011 | 0.9011 | 0.9012 | 0.9015
N0 =  480  | 0.9014 | 0.9014 | 0.9014 | 0.9014 | 0.9014 | 0.9014 | 0.9014 | 0.9014 | 0.9015 | 0.9015 | 0.9015 | 0.9015 | 0.9015 | 0.9015 | 0.9015 | 0.9015 | 0.9015 | 0.9016 | 0.9017 | 0.9020
N0 =  560  | 0.9021 | 0.9021 | 0.9021 | 0.9021 | 0.9021 | 0.9021 | 0.9021 | 0.9021 | 0.9021 | 0.9021 | 0.9021 | 0.9021 | 0.9021 | 0.9021 | 0.9021 | 0.9022 | 0.9022 | 0.9022 | 0.9023 | 0.9026
N0 =  640  | 0.9029 | 0.9029 | 0.9029 | 0.9029 | 0.9029 | 0.9029 | 0.9029 | 0.9029 | 0.9029 | 0.9029 | 0.9029 | 0.9029 | 0.9029 | 0.9029 | 0.9029 | 0.9030 | 0.9030 | 0.9031 | 0.9032 | 0.9035



N = 1000

_______________________________________________________________________________________________________________________________________________________________________________________________
     alpha |  0.00  |  0.05  |  0.10  |  0.15  |  0.20  |  0.25  |  0.30  |  0.35  |  0.40  |  0.45  |  0.50  |  0.55  |  0.60  |  0.65  |  0.70  |  0.75  |  0.80  |  0.85  |  0.90  |  0.95 
_______________________________________________________________________________________________________________________________________________________________________________________________
N0 =  200  | 0.9000 | 0.9000 | 0.9000 | 0.9000 | 0.9000 | 0.9000 | 0.9000 | 0.9000 | 0.9000 | 0.9000 | 0.9000 | 0.9000 | 0.9001 | 0.9001 | 0.9001 | 0.9001 | 0.9001 | 0.9002 | 0.9003 | 0.9006
N0 =  300  | 0.9002 | 0.9002 | 0.9003 | 0.9003 | 0.9003 | 0.9003 | 0.9003 | 0.9003 | 0.9003 | 0.9003 | 0.9003 | 0.9003 | 0.9003 | 0.9003 | 0.9003 | 0.9003 | 0.9003 | 0.9004 | 0.9005 | 0.9007
N0 =  400  | 0.9006 | 0.9006 | 0.9006 | 0.9006 | 0.9006 | 0.9006 | 0.9006 | 0.9006 | 0.9006 | 0.9006 | 0.9006 | 0.9006 | 0.9006 | 0.9006 | 0.9006 | 0.9006 | 0.9006 | 0.9007 | 0.9008 | 0.9010
N0 =  500  | 0.9009 | 0.9009 | 0.9009 | 0.9009 | 0.9009 | 0.9009 | 0.9009 | 0.9009 | 0.9010 | 0.9010 | 0.9010 | 0.9010 | 0.9010 | 0.9010 | 0.9010 | 0.9010 | 0.9010 | 0.9011 | 0.9011 | 0.9014
N0 =  600  | 0.9014 | 0.9014 | 0.9014 | 0.9014 | 0.9014 | 0.9014 | 0.9014 | 0.9014 | 0.9014 | 0.9014 | 0.9015 | 0.9015 | 0.9015 | 0.9015 | 0.9015 | 0.9015 | 0.9015 | 0.9016 | 0.9016 | 0.9019
N0 =  700  | 0.9021 | 0.9021 | 0.9021 | 0.9021 | 0.9021 | 0.9021 | 0.9021 | 0.9021 | 0.9021 | 0.9021 | 0.9021 | 0.9021 | 0.9021 | 0.9021 | 0.9021 | 0.9021 | 0.9022 | 0.9022 | 0.9023 | 0.9025
N0 =  800  | 0.9029 | 0.9029 | 0.9029 | 0.9029 | 0.9029 | 0.9029 | 0.9029 | 0.9029 | 0.9029 | 0.9029 | 0.9029 | 0.9029 | 0.9029 | 0.9029 | 0.9029 | 0.9029 | 0.9030 | 0.9030 | 0.9031 | 0.9034



N = 1500

_______________________________________________________________________________________________________________________________________________________________________________________________
     alpha |  0.00  |  0.05  |  0.10  |  0.15  |  0.20  |  0.25  |  0.30  |  0.35  |  0.40  |  0.45  |  0.50  |  0.55  |  0.60  |  0.65  |  0.70  |  0.75  |  0.80  |  0.85  |  0.90  |  0.95 
_______________________________________________________________________________________________________________________________________________________________________________________________
N0 =  300  | 0.9000 | 0.9000 | 0.9000 | 0.9000 | 0.9000 | 0.9000 | 0.9000 | 0.9000 | 0.9000 | 0.9000 | 0.9000 | 0.9000 | 0.9000 | 0.9000 | 0.9001 | 0.9001 | 0.9001 | 0.9001 | 0.9002 | 0.9004
N0 =  450  | 0.9002 | 0.9002 | 0.9002 | 0.9002 | 0.9002 | 0.9002 | 0.9003 | 0.9003 | 0.9003 | 0.9003 | 0.9003 | 0.9003 | 0.9003 | 0.9003 | 0.9003 | 0.9003 | 0.9003 | 0.9003 | 0.9004 | 0.9006
N0 =  600  | 0.9005 | 0.9005 | 0.9005 | 0.9006 | 0.9006 | 0.9006 | 0.9006 | 0.9006 | 0.9006 | 0.9006 | 0.9006 | 0.9006 | 0.9006 | 0.9006 | 0.9006 | 0.9006 | 0.9006 | 0.9006 | 0.9007 | 0.9008
N0 =  750  | 0.9009 | 0.9009 | 0.9009 | 0.9009 | 0.9009 | 0.9009 | 0.9009 | 0.9009 | 0.9009 | 0.9009 | 0.9009 | 0.9010 | 0.9010 | 0.9010 | 0.9010 | 0.9010 | 0.9010 | 0.9010 | 0.9011 | 0.9012
N0 =  900  | 0.9014 | 0.9014 | 0.9014 | 0.9014 | 0.9014 | 0.9014 | 0.9014 | 0.9014 | 0.9014 | 0.9014 | 0.9014 | 0.9014 | 0.9014 | 0.9015 | 0.9015 | 0.9015 | 0.9015 | 0.9015 | 0.9016 | 0.9017
N0 = 1050  | 0.9021 | 0.9021 | 0.9021 | 0.9021 | 0.9021 | 0.9021 | 0.9021 | 0.9021 | 0.9021 | 0.9021 | 0.9021 | 0.9021 | 0.9021 | 0.9021 | 0.9021 | 0.9021 | 0.9021 | 0.9021 | 0.9022 | 0.9024
N0 = 1200  | 0.9029 | 0.9029 | 0.9029 | 0.9029 | 0.9029 | 0.9029 | 0.9029 | 0.9029 | 0.9029 | 0.9029 | 0.9029 | 0.9029 | 0.9029 | 0.9029 | 0.9029 | 0.9029 | 0.9029 | 0.9030 | 0.9030 | 0.9032



N = 2000

_______________________________________________________________________________________________________________________________________________________________________________________________
     alpha |  0.00  |  0.05  |  0.10  |  0.15  |  0.20  |  0.25  |  0.30  |  0.35  |  0.40  |  0.45  |  0.50  |  0.55  |  0.60  |  0.65  |  0.70  |  0.75  |  0.80  |  0.85  |  0.90  |  0.95 
_______________________________________________________________________________________________________________________________________________________________________________________________
N0 =  400  | 0.9000 | 0.9000 | 0.9000 | 0.9000 | 0.9000 | 0.9000 | 0.9000 | 0.9000 | 0.9000 | 0.9000 | 0.9000 | 0.9000 | 0.9000 | 0.9000 | 0.9000 | 0.9000 | 0.9001 | 0.9001 | 0.9001 | 0.9003
N0 =  600  | 0.9002 | 0.9002 | 0.9002 | 0.9002 | 0.9002 | 0.9002 | 0.9002 | 0.9002 | 0.9003 | 0.9003 | 0.9003 | 0.9003 | 0.9003 | 0.9003 | 0.9003 | 0.9003 | 0.9003 | 0.9003 | 0.9004 | 0.9005
N0 =  800  | 0.9005 | 0.9005 | 0.9005 | 0.9005 | 0.9005 | 0.9006 | 0.9006 | 0.9006 | 0.9006 | 0.9006 | 0.9006 | 0.9006 | 0.9006 | 0.9006 | 0.9006 | 0.9006 | 0.9006 | 0.9006 | 0.9006 | 0.9008
N0 = 1000  | 0.9009 | 0.9009 | 0.9009 | 0.9009 | 0.9009 | 0.9009 | 0.9009 | 0.9009 | 0.9009 | 0.9009 | 0.9009 | 0.9009 | 0.9009 | 0.9010 | 0.9010 | 0.9010 | 0.9010 | 0.9010 | 0.9010 | 0.9011
N0 = 1200  | 0.9014 | 0.9014 | 0.9014 | 0.9014 | 0.9014 | 0.9014 | 0.9014 | 0.9014 | 0.9014 | 0.9014 | 0.9014 | 0.9014 | 0.9014 | 0.9014 | 0.9015 | 0.9015 | 0.9015 | 0.9015 | 0.9015 | 0.9016
N0 = 1400  | 0.9021 | 0.9021 | 0.9021 | 0.9021 | 0.9021 | 0.9021 | 0.9021 | 0.9021 | 0.9021 | 0.9021 | 0.9021 | 0.9021 | 0.9021 | 0.9021 | 0.9021 | 0.9021 | 0.9021 | 0.9021 | 0.9022 | 0.9023
N0 = 1600  | 0.9029 | 0.9029 | 0.9029 | 0.9029 | 0.9029 | 0.9029 | 0.9029 | 0.9029 | 0.9029 | 0.9029 | 0.9029 | 0.9029 | 0.9029 | 0.9029 | 0.9029 | 0.9029 | 0.9029 | 0.9029 | 0.9030 | 0.9031



N = 3000

_______________________________________________________________________________________________________________________________________________________________________________________________
     alpha |  0.00  |  0.05  |  0.10  |  0.15  |  0.20  |  0.25  |  0.30  |  0.35  |  0.40  |  0.45  |  0.50  |  0.55  |  0.60  |  0.65  |  0.70  |  0.75  |  0.80  |  0.85  |  0.90  |  0.95 
_______________________________________________________________________________________________________________________________________________________________________________________________
N0 =  600  | 0.9000 | 0.9000 | 0.9000 | 0.9000 | 0.9000 | 0.9000 | 0.9000 | 0.9000 | 0.9000 | 0.9000 | 0.9000 | 0.9000 | 0.9000 | 0.9000 | 0.9000 | 0.9000 | 0.9000 | 0.9001 | 0.9001 | 0.9002
N0 =  900  | 0.9002 | 0.9002 | 0.9002 | 0.9002 | 0.9002 | 0.9002 | 0.9002 | 0.9002 | 0.9002 | 0.9002 | 0.9002 | 0.9003 | 0.9003 | 0.9003 | 0.9003 | 0.9003 | 0.9003 | 0.9003 | 0.9003 | 0.9004
N0 = 1200  | 0.9005 | 0.9005 | 0.9005 | 0.9005 | 0.9005 | 0.9005 | 0.9005 | 0.9005 | 0.9006 | 0.9006 | 0.9006 | 0.9006 | 0.9006 | 0.9006 | 0.9006 | 0.9006 | 0.9006 | 0.9006 | 0.9006 | 0.9007
N0 = 1500  | 0.9009 | 0.9009 | 0.9009 | 0.9009 | 0.9009 | 0.9009 | 0.9009 | 0.9009 | 0.9009 | 0.9009 | 0.9009 | 0.9009 | 0.9009 | 0.9009 | 0.9009 | 0.9010 | 0.9010 | 0.9010 | 0.9010 | 0.9011
N0 = 1800  | 0.9014 | 0.9014 | 0.9014 | 0.9014 | 0.9014 | 0.9014 | 0.9014 | 0.9014 | 0.9014 | 0.9014 | 0.9014 | 0.9014 | 0.9014 | 0.9014 | 0.9014 | 0.9014 | 0.9015 | 0.9015 | 0.9015 | 0.9016
N0 = 2100  | 0.9021 | 0.9021 | 0.9021 | 0.9021 | 0.9021 | 0.9021 | 0.9021 | 0.9021 | 0.9021 | 0.9021 | 0.9021 | 0.9021 | 0.9021 | 0.9021 | 0.9021 | 0.9021 | 0.9021 | 0.9021 | 0.9021 | 0.9022
N0 = 2400  | 0.9029 | 0.9029 | 0.9029 | 0.9029 | 0.9029 | 0.9029 | 0.9029 | 0.9029 | 0.9029 | 0.9029 | 0.9029 | 0.9029 | 0.9029 | 0.9029 | 0.9029 | 0.9029 | 0.9029 | 0.9029 | 0.9029 | 0.9030



===============================================================================================================================================================================================

K = 2.4414 (for coverage probability level of ~95%)


N = 50

_______________________________________________________________________________________________________________________________________________________________________________________________
     alpha |  0.00  |  0.05  |  0.10  |  0.15  |  0.20  |  0.25  |  0.30  |  0.35  |  0.40  |  0.45  |  0.50  |  0.55  |  0.60  |  0.65  |  0.70  |  0.75  |  0.80  |  0.85  |  0.90  |  0.95 
_______________________________________________________________________________________________________________________________________________________________________________________________
N0 =   10  | 0.9502 | 0.9502 | 0.9502 | 0.9503 | 0.9503 | 0.9503 | 0.9504 | 0.9504 | 0.9505 | 0.9506 | 0.9507 | 0.9508 | 0.9509 | 0.9511 | 0.9513 | 0.9516 | 0.9521 | 0.9528 | 0.9541 | 0.9566
N0 =   15  | 0.9503 | 0.9503 | 0.9503 | 0.9503 | 0.9504 | 0.9504 | 0.9504 | 0.9505 | 0.9505 | 0.9506 | 0.9506 | 0.9507 | 0.9508 | 0.9510 | 0.9512 | 0.9514 | 0.9518 | 0.9524 | 0.9536 | 0.9564
N0 =   20  | 0.9505 | 0.9505 | 0.9505 | 0.9505 | 0.9505 | 0.9506 | 0.9506 | 0.9506 | 0.9507 | 0.9507 | 0.9508 | 0.9509 | 0.9509 | 0.9511 | 0.9512 | 0.9515 | 0.9518 | 0.9524 | 0.9535 | 0.9564
N0 =   25  | 0.9507 | 0.9507 | 0.9507 | 0.9507 | 0.9508 | 0.9508 | 0.9508 | 0.9509 | 0.9509 | 0.9509 | 0.9510 | 0.9511 | 0.9512 | 0.9513 | 0.9514 | 0.9516 | 0.9520 | 0.9525 | 0.9536 | 0.9566
N0 =   30  | 0.9510 | 0.9510 | 0.9510 | 0.9511 | 0.9511 | 0.9511 | 0.9511 | 0.9512 | 0.9512 | 0.9512 | 0.9513 | 0.9514 | 0.9515 | 0.9516 | 0.9517 | 0.9519 | 0.9523 | 0.9528 | 0.9539 | 0.9570
N0 =   35  | 0.9514 | 0.9514 | 0.9514 | 0.9515 | 0.9515 | 0.9515 | 0.9515 | 0.9516 | 0.9516 | 0.9517 | 0.9517 | 0.9518 | 0.9519 | 0.9520 | 0.9521 | 0.9524 | 0.9527 | 0.9533 | 0.9544 | 0.9575
N0 =   40  | 0.9519 | 0.9519 | 0.9519 | 0.9520 | 0.9520 | 0.9520 | 0.9520 | 0.9521 | 0.9521 | 0.9522 | 0.9522 | 0.9523 | 0.9524 | 0.9525 | 0.9527 | 0.9529 | 0.9533 | 0.9538 | 0.9550 | 0.9582



N = 100

_______________________________________________________________________________________________________________________________________________________________________________________________
     alpha |  0.00  |  0.05  |  0.10  |  0.15  |  0.20  |  0.25  |  0.30  |  0.35  |  0.40  |  0.45  |  0.50  |  0.55  |  0.60  |  0.65  |  0.70  |  0.75  |  0.80  |  0.85  |  0.90  |  0.95 
_______________________________________________________________________________________________________________________________________________________________________________________________
N0 =   20  | 0.9501 | 0.9501 | 0.9501 | 0.9501 | 0.9501 | 0.9502 | 0.9502 | 0.9502 | 0.9502 | 0.9503 | 0.9503 | 0.9504 | 0.9504 | 0.9505 | 0.9506 | 0.9508 | 0.9510 | 0.9514 | 0.9522 | 0.9541
N0 =   30  | 0.9502 | 0.9502 | 0.9502 | 0.9502 | 0.9503 | 0.9503 | 0.9503 | 0.9503 | 0.9503 | 0.9504 | 0.9504 | 0.9504 | 0.9505 | 0.9505 | 0.9506 | 0.9507 | 0.9509 | 0.9512 | 0.9519 | 0.9536
N0 =   40  | 0.9504 | 0.9504 | 0.9504 | 0.9504 | 0.9504 | 0.9505 | 0.9505 | 0.9505 | 0.9505 | 0.9505 | 0.9506 | 0.9506 | 0.9506 | 0.9507 | 0.9508 | 0.9509 | 0.9510 | 0.9513 | 0.9519 | 0.9536
N0 =   50  | 0.9506 | 0.9506 | 0.9507 | 0.9507 | 0.9507 | 0.9507 | 0.9507 | 0.9507 | 0.9507 | 0.9508 | 0.9508 | 0.9508 | 0.9509 | 0.9509 | 0.9510 | 0.9511 | 0.9512 | 0.9515 | 0.9521 | 0.9537
N0 =   60  | 0.9509 | 0.9510 | 0.9510 | 0.9510 | 0.9510 | 0.9510 | 0.9510 | 0.9510 | 0.9510 | 0.9511 | 0.9511 | 0.9511 | 0.9512 | 0.9512 | 0.9513 | 0.9514 | 0.9515 | 0.9518 | 0.9524 | 0.9540
N0 =   70  | 0.9513 | 0.9513 | 0.9514 | 0.9514 | 0.9514 | 0.9514 | 0.9514 | 0.9514 | 0.9514 | 0.9515 | 0.9515 | 0.9515 | 0.9516 | 0.9516 | 0.9517 | 0.9518 | 0.9520 | 0.9522 | 0.9528 | 0.9545
N0 =   80  | 0.9518 | 0.9518 | 0.9519 | 0.9519 | 0.9519 | 0.9519 | 0.9519 | 0.9519 | 0.9519 | 0.9520 | 0.9520 | 0.9520 | 0.9521 | 0.9521 | 0.9522 | 0.9523 | 0.9525 | 0.9528 | 0.9533 | 0.9551



N = 200

_______________________________________________________________________________________________________________________________________________________________________________________________
     alpha |  0.00  |  0.05  |  0.10  |  0.15  |  0.20  |  0.25  |  0.30  |  0.35  |  0.40  |  0.45  |  0.50  |  0.55  |  0.60  |  0.65  |  0.70  |  0.75  |  0.80  |  0.85  |  0.90  |  0.95 
_______________________________________________________________________________________________________________________________________________________________________________________________
N0 =   40  | 0.9500 | 0.9500 | 0.9501 | 0.9501 | 0.9501 | 0.9501 | 0.9501 | 0.9501 | 0.9501 | 0.9501 | 0.9501 | 0.9502 | 0.9502 | 0.9502 | 0.9503 | 0.9504 | 0.9505 | 0.9507 | 0.9511 | 0.9522
N0 =   60  | 0.9502 | 0.9502 | 0.9502 | 0.9502 | 0.9502 | 0.9502 | 0.9502 | 0.9502 | 0.9502 | 0.9502 | 0.9503 | 0.9503 | 0.9503 | 0.9503 | 0.9504 | 0.9504 | 0.9505 | 0.9507 | 0.9510 | 0.9519
N0 =   80  | 0.9504 | 0.9504 | 0.9504 | 0.9504 | 0.9504 | 0.9504 | 0.9504 | 0.9504 | 0.9504 | 0.9504 | 0.9504 | 0.9505 | 0.9505 | 0.9505 | 0.9505 | 0.9506 | 0.9507 | 0.9508 | 0.9511 | 0.9519
N0 =  100  | 0.9506 | 0.9506 | 0.9506 | 0.9506 | 0.9506 | 0.9506 | 0.9506 | 0.9506 | 0.9507 | 0.9507 | 0.9507 | 0.9507 | 0.9507 | 0.9507 | 0.9508 | 0.9508 | 0.9509 | 0.9510 | 0.9513 | 0.9521
N0 =  120  | 0.9509 | 0.9509 | 0.9509 | 0.9509 | 0.9509 | 0.9509 | 0.9509 | 0.9510 | 0.9510 | 0.9510 | 0.9510 | 0.9510 | 0.9510 | 0.9511 | 0.9511 | 0.9511 | 0.9512 | 0.9513 | 0.9516 | 0.9524
N0 =  140  | 0.9513 | 0.9513 | 0.9513 | 0.9513 | 0.9513 | 0.9513 | 0.9513 | 0.9513 | 0.9514 | 0.9514 | 0.9514 | 0.9514 | 0.9514 | 0.9514 | 0.9515 | 0.9515 | 0.9516 | 0.9517 | 0.9520 | 0.9528
N0 =  160  | 0.9518 | 0.9518 | 0.9518 | 0.9518 | 0.9518 | 0.9518 | 0.9518 | 0.9519 | 0.9519 | 0.9519 | 0.9519 | 0.9519 | 0.9519 | 0.9520 | 0.9520 | 0.9520 | 0.9521 | 0.9523 | 0.9525 | 0.9534



N = 400

_______________________________________________________________________________________________________________________________________________________________________________________________
     alpha |  0.00  |  0.05  |  0.10  |  0.15  |  0.20  |  0.25  |  0.30  |  0.35  |  0.40  |  0.45  |  0.50  |  0.55  |  0.60  |  0.65  |  0.70  |  0.75  |  0.80  |  0.85  |  0.90  |  0.95 
_______________________________________________________________________________________________________________________________________________________________________________________________
N0 =   80  | 0.9500 | 0.9500 | 0.9500 | 0.9500 | 0.9500 | 0.9500 | 0.9500 | 0.9500 | 0.9501 | 0.9501 | 0.9501 | 0.9501 | 0.9501 | 0.9501 | 0.9501 | 0.9502 | 0.9502 | 0.9503 | 0.9505 | 0.9511
N0 =  120  | 0.9502 | 0.9502 | 0.9502 | 0.9502 | 0.9502 | 0.9502 | 0.9502 | 0.9502 | 0.9502 | 0.9502 | 0.9502 | 0.9502 | 0.9502 | 0.9502 | 0.9503 | 0.9503 | 0.9503 | 0.9504 | 0.9505 | 0.9510
N0 =  160  | 0.9504 | 0.9504 | 0.9504 | 0.9504 | 0.9504 | 0.9504 | 0.9504 | 0.9504 | 0.9504 | 0.9504 | 0.9504 | 0.9504 | 0.9504 | 0.9504 | 0.9504 | 0.9505 | 0.9505 | 0.9506 | 0.9507 | 0.9511
N0 =  200  | 0.9506 | 0.9506 | 0.9506 | 0.9506 | 0.9506 | 0.9506 | 0.9506 | 0.9506 | 0.9506 | 0.9506 | 0.9506 | 0.9506 | 0.9507 | 0.9507 | 0.9507 | 0.9507 | 0.9507 | 0.9508 | 0.9509 | 0.9513
N0 =  240  | 0.9509 | 0.9509 | 0.9509 | 0.9509 | 0.9509 | 0.9509 | 0.9509 | 0.9509 | 0.9509 | 0.9509 | 0.9509 | 0.9509 | 0.9510 | 0.9510 | 0.9510 | 0.9510 | 0.9510 | 0.9511 | 0.9512 | 0.9516
N0 =  280  | 0.9513 | 0.9513 | 0.9513 | 0.9513 | 0.9513 | 0.9513 | 0.9513 | 0.9513 | 0.9513 | 0.9513 | 0.9513 | 0.9513 | 0.9514 | 0.9514 | 0.9514 | 0.9514 | 0.9514 | 0.9515 | 0.9516 | 0.9520
N0 =  320  | 0.9518 | 0.9518 | 0.9518 | 0.9518 | 0.9518 | 0.9518 | 0.9518 | 0.9518 | 0.9518 | 0.9518 | 0.9518 | 0.9518 | 0.9519 | 0.9519 | 0.9519 | 0.9519 | 0.9519 | 0.9520 | 0.9521 | 0.9526



N = 600

_______________________________________________________________________________________________________________________________________________________________________________________________
     alpha |  0.00  |  0.05  |  0.10  |  0.15  |  0.20  |  0.25  |  0.30  |  0.35  |  0.40  |  0.45  |  0.50  |  0.55  |  0.60  |  0.65  |  0.70  |  0.75  |  0.80  |  0.85  |  0.90  |  0.95 
_______________________________________________________________________________________________________________________________________________________________________________________________
N0 =  120  | 0.9500 | 0.9500 | 0.9500 | 0.9500 | 0.9500 | 0.9500 | 0.9500 | 0.9500 | 0.9500 | 0.9500 | 0.9500 | 0.9501 | 0.9501 | 0.9501 | 0.9501 | 0.9501 | 0.9501 | 0.9502 | 0.9503 | 0.9507
N0 =  180  | 0.9502 | 0.9502 | 0.9502 | 0.9502 | 0.9502 | 0.9502 | 0.9502 | 0.9502 | 0.9502 | 0.9502 | 0.9502 | 0.9502 | 0.9502 | 0.9502 | 0.9502 | 0.9502 | 0.9503 | 0.9503 | 0.9504 | 0.9507
N0 =  240  | 0.9504 | 0.9504 | 0.9504 | 0.9504 | 0.9504 | 0.9504 | 0.9504 | 0.9504 | 0.9504 | 0.9504 | 0.9504 | 0.9504 | 0.9504 | 0.9504 | 0.9504 | 0.9504 | 0.9504 | 0.9505 | 0.9506 | 0.9508
N0 =  300  | 0.9506 | 0.9506 | 0.9506 | 0.9506 | 0.9506 | 0.9506 | 0.9506 | 0.9506 | 0.9506 | 0.9506 | 0.9506 | 0.9506 | 0.9506 | 0.9506 | 0.9506 | 0.9507 | 0.9507 | 0.9507 | 0.9508 | 0.9511
N0 =  360  | 0.9509 | 0.9509 | 0.9509 | 0.9509 | 0.9509 | 0.9509 | 0.9509 | 0.9509 | 0.9509 | 0.9509 | 0.9509 | 0.9509 | 0.9509 | 0.9509 | 0.9510 | 0.9510 | 0.9510 | 0.9510 | 0.9511 | 0.9514
N0 =  420  | 0.9513 | 0.9513 | 0.9513 | 0.9513 | 0.9513 | 0.9513 | 0.9513 | 0.9513 | 0.9513 | 0.9513 | 0.9513 | 0.9513 | 0.9513 | 0.9513 | 0.9513 | 0.9514 | 0.9514 | 0.9514 | 0.9515 | 0.9518
N0 =  480  | 0.9518 | 0.9518 | 0.9518 | 0.9518 | 0.9518 | 0.9518 | 0.9518 | 0.9518 | 0.9518 | 0.9518 | 0.9518 | 0.9518 | 0.9518 | 0.9518 | 0.9518 | 0.9519 | 0.9519 | 0.9519 | 0.9520 | 0.9523



N = 800

_______________________________________________________________________________________________________________________________________________________________________________________________
     alpha |  0.00  |  0.05  |  0.10  |  0.15  |  0.20  |  0.25  |  0.30  |  0.35  |  0.40  |  0.45  |  0.50  |  0.55  |  0.60  |  0.65  |  0.70  |  0.75  |  0.80  |  0.85  |  0.90  |  0.95 
_______________________________________________________________________________________________________________________________________________________________________________________________
N0 =  160  | 0.9500 | 0.9500 | 0.9500 | 0.9500 | 0.9500 | 0.9500 | 0.9500 | 0.9500 | 0.9500 | 0.9500 | 0.9500 | 0.9500 | 0.9500 | 0.9501 | 0.9501 | 0.9501 | 0.9501 | 0.9502 | 0.9502 | 0.9505
N0 =  240  | 0.9502 | 0.9502 | 0.9502 | 0.9502 | 0.9502 | 0.9502 | 0.9502 | 0.9502 | 0.9502 | 0.9502 | 0.9502 | 0.9502 | 0.9502 | 0.9502 | 0.9502 | 0.9502 | 0.9502 | 0.9503 | 0.9503 | 0.9506
N0 =  320  | 0.9504 | 0.9504 | 0.9504 | 0.9504 | 0.9504 | 0.9504 | 0.9504 | 0.9504 | 0.9504 | 0.9504 | 0.9504 | 0.9504 | 0.9504 | 0.9504 | 0.9504 | 0.9504 | 0.9504 | 0.9505 | 0.9505 | 0.9507
N0 =  400  | 0.9506 | 0.9506 | 0.9506 | 0.9506 | 0.9506 | 0.9506 | 0.9506 | 0.9506 | 0.9506 | 0.9506 | 0.9506 | 0.9506 | 0.9506 | 0.9506 | 0.9506 | 0.9506 | 0.9507 | 0.9507 | 0.9507 | 0.9509
N0 =  480  | 0.9509 | 0.9509 | 0.9509 | 0.9509 | 0.9509 | 0.9509 | 0.9509 | 0.9509 | 0.9509 | 0.9509 | 0.9509 | 0.9509 | 0.9509 | 0.9509 | 0.9509 | 0.9510 | 0.9510 | 0.9510 | 0.9511 | 0.9512
N0 =  560  | 0.9513 | 0.9513 | 0.9513 | 0.9513 | 0.9513 | 0.9513 | 0.9513 | 0.9513 | 0.9513 | 0.9513 | 0.9513 | 0.9513 | 0.9513 | 0.9513 | 0.9513 | 0.9513 | 0.9514 | 0.9514 | 0.9515 | 0.9516
N0 =  640  | 0.9518 | 0.9518 | 0.9518 | 0.9518 | 0.9518 | 0.9518 | 0.9518 | 0.9518 | 0.9518 | 0.9518 | 0.9518 | 0.9518 | 0.9518 | 0.9518 | 0.9518 | 0.9518 | 0.9519 | 0.9519 | 0.9520 | 0.9522



N = 1000

_______________________________________________________________________________________________________________________________________________________________________________________________
     alpha |  0.00  |  0.05  |  0.10  |  0.15  |  0.20  |  0.25  |  0.30  |  0.35  |  0.40  |  0.45  |  0.50  |  0.55  |  0.60  |  0.65  |  0.70  |  0.75  |  0.80  |  0.85  |  0.90  |  0.95 
_______________________________________________________________________________________________________________________________________________________________________________________________
N0 =  200  | 0.9500 | 0.9500 | 0.9500 | 0.9500 | 0.9500 | 0.9500 | 0.9500 | 0.9500 | 0.9500 | 0.9500 | 0.9500 | 0.9500 | 0.9500 | 0.9500 | 0.9501 | 0.9501 | 0.9501 | 0.9501 | 0.9502 | 0.9504
N0 =  300  | 0.9502 | 0.9502 | 0.9502 | 0.9502 | 0.9502 | 0.9502 | 0.9502 | 0.9502 | 0.9502 | 0.9502 | 0.9502 | 0.9502 | 0.9502 | 0.9502 | 0.9502 | 0.9502 | 0.9502 | 0.9502 | 0.9503 | 0.9505
N0 =  400  | 0.9503 | 0.9503 | 0.9504 | 0.9504 | 0.9504 | 0.9504 | 0.9504 | 0.9504 | 0.9504 | 0.9504 | 0.9504 | 0.9504 | 0.9504 | 0.9504 | 0.9504 | 0.9504 | 0.9504 | 0.9504 | 0.9505 | 0.9506
N0 =  500  | 0.9506 | 0.9506 | 0.9506 | 0.9506 | 0.9506 | 0.9506 | 0.9506 | 0.9506 | 0.9506 | 0.9506 | 0.9506 | 0.9506 | 0.9506 | 0.9506 | 0.9506 | 0.9506 | 0.9506 | 0.9507 | 0.9507 | 0.9509
N0 =  600  | 0.9509 | 0.9509 | 0.9509 | 0.9509 | 0.9509 | 0.9509 | 0.9509 | 0.9509 | 0.9509 | 0.9509 | 0.9509 | 0.9509 | 0.9509 | 0.9509 | 0.9509 | 0.9509 | 0.9510 | 0.9510 | 0.9510 | 0.9512
N0 =  700  | 0.9513 | 0.9513 | 0.9513 | 0.9513 | 0.9513 | 0.9513 | 0.9513 | 0.9513 | 0.9513 | 0.9513 | 0.9513 | 0.9513 | 0.9513 | 0.9513 | 0.9513 | 0.9513 | 0.9513 | 0.9514 | 0.9514 | 0.9516
N0 =  800  | 0.9518 | 0.9518 | 0.9518 | 0.9518 | 0.9518 | 0.9518 | 0.9518 | 0.9518 | 0.9518 | 0.9518 | 0.9518 | 0.9518 | 0.9518 | 0.9518 | 0.9518 | 0.9518 | 0.9518 | 0.9519 | 0.9519 | 0.9521



N = 1500

_______________________________________________________________________________________________________________________________________________________________________________________________
     alpha |  0.00  |  0.05  |  0.10  |  0.15  |  0.20  |  0.25  |  0.30  |  0.35  |  0.40  |  0.45  |  0.50  |  0.55  |  0.60  |  0.65  |  0.70  |  0.75  |  0.80  |  0.85  |  0.90  |  0.95 
_______________________________________________________________________________________________________________________________________________________________________________________________
N0 =  300  | 0.9500 | 0.9500 | 0.9500 | 0.9500 | 0.9500 | 0.9500 | 0.9500 | 0.9500 | 0.9500 | 0.9500 | 0.9500 | 0.9500 | 0.9500 | 0.9500 | 0.9500 | 0.9500 | 0.9501 | 0.9501 | 0.9501 | 0.9503
N0 =  450  | 0.9502 | 0.9502 | 0.9502 | 0.9502 | 0.9502 | 0.9502 | 0.9502 | 0.9502 | 0.9502 | 0.9502 | 0.9502 | 0.9502 | 0.9502 | 0.9502 | 0.9502 | 0.9502 | 0.9502 | 0.9502 | 0.9503 | 0.9504
N0 =  600  | 0.9503 | 0.9503 | 0.9503 | 0.9503 | 0.9503 | 0.9504 | 0.9504 | 0.9504 | 0.9504 | 0.9504 | 0.9504 | 0.9504 | 0.9504 | 0.9504 | 0.9504 | 0.9504 | 0.9504 | 0.9504 | 0.9504 | 0.9505
N0 =  750  | 0.9506 | 0.9506 | 0.9506 | 0.9506 | 0.9506 | 0.9506 | 0.9506 | 0.9506 | 0.9506 | 0.9506 | 0.9506 | 0.9506 | 0.9506 | 0.9506 | 0.9506 | 0.9506 | 0.9506 | 0.9506 | 0.9507 | 0.9508
N0 =  900  | 0.9509 | 0.9509 | 0.9509 | 0.9509 | 0.9509 | 0.9509 | 0.9509 | 0.9509 | 0.9509 | 0.9509 | 0.9509 | 0.9509 | 0.9509 | 0.9509 | 0.9509 | 0.9509 | 0.9509 | 0.9509 | 0.9510 | 0.9511
N0 = 1050  | 0.9513 | 0.9513 | 0.9513 | 0.9513 | 0.9513 | 0.9513 | 0.9513 | 0.9513 | 0.9513 | 0.9513 | 0.9513 | 0.9513 | 0.9513 | 0.9513 | 0.9513 | 0.9513 | 0.9513 | 0.9513 | 0.9514 | 0.9515
N0 = 1200  | 0.9518 | 0.9518 | 0.9518 | 0.9518 | 0.9518 | 0.9518 | 0.9518 | 0.9518 | 0.9518 | 0.9518 | 0.9518 | 0.9518 | 0.9518 | 0.9518 | 0.9518 | 0.9518 | 0.9518 | 0.9518 | 0.9519 | 0.9520



N = 2000

_______________________________________________________________________________________________________________________________________________________________________________________________
     alpha |  0.00  |  0.05  |  0.10  |  0.15  |  0.20  |  0.25  |  0.30  |  0.35  |  0.40  |  0.45  |  0.50  |  0.55  |  0.60  |  0.65  |  0.70  |  0.75  |  0.80  |  0.85  |  0.90  |  0.95 
_______________________________________________________________________________________________________________________________________________________________________________________________
N0 =  400  | 0.9500 | 0.9500 | 0.9500 | 0.9500 | 0.9500 | 0.9500 | 0.9500 | 0.9500 | 0.9500 | 0.9500 | 0.9500 | 0.9500 | 0.9500 | 0.9500 | 0.9500 | 0.9500 | 0.9500 | 0.9501 | 0.9501 | 0.9502
N0 =  600  | 0.9502 | 0.9502 | 0.9502 | 0.9502 | 0.9502 | 0.9502 | 0.9502 | 0.9502 | 0.9502 | 0.9502 | 0.9502 | 0.9502 | 0.9502 | 0.9502 | 0.9502 | 0.9502 | 0.9502 | 0.9502 | 0.9502 | 0.9503
N0 =  800  | 0.9503 | 0.9503 | 0.9503 | 0.9503 | 0.9503 | 0.9503 | 0.9503 | 0.9503 | 0.9504 | 0.9504 | 0.9504 | 0.9504 | 0.9504 | 0.9504 | 0.9504 | 0.9504 | 0.9504 | 0.9504 | 0.9504 | 0.9505
N0 = 1000  | 0.9506 | 0.9506 | 0.9506 | 0.9506 | 0.9506 | 0.9506 | 0.9506 | 0.9506 | 0.9506 | 0.9506 | 0.9506 | 0.9506 | 0.9506 | 0.9506 | 0.9506 | 0.9506 | 0.9506 | 0.9506 | 0.9506 | 0.9507
N0 = 1200  | 0.9509 | 0.9509 | 0.9509 | 0.9509 | 0.9509 | 0.9509 | 0.9509 | 0.9509 | 0.9509 | 0.9509 | 0.9509 | 0.9509 | 0.9509 | 0.9509 | 0.9509 | 0.9509 | 0.9509 | 0.9509 | 0.9510 | 0.9510
N0 = 1400  | 0.9513 | 0.9513 | 0.9513 | 0.9513 | 0.9513 | 0.9513 | 0.9513 | 0.9513 | 0.9513 | 0.9513 | 0.9513 | 0.9513 | 0.9513 | 0.9513 | 0.9513 | 0.9513 | 0.9513 | 0.9513 | 0.9513 | 0.9514
N0 = 1600  | 0.9518 | 0.9518 | 0.9518 | 0.9518 | 0.9518 | 0.9518 | 0.9518 | 0.9518 | 0.9518 | 0.9518 | 0.9518 | 0.9518 | 0.9518 | 0.9518 | 0.9518 | 0.9518 | 0.9518 | 0.9518 | 0.9518 | 0.9519



N = 3000

_______________________________________________________________________________________________________________________________________________________________________________________________
     alpha |  0.00  |  0.05  |  0.10  |  0.15  |  0.20  |  0.25  |  0.30  |  0.35  |  0.40  |  0.45  |  0.50  |  0.55  |  0.60  |  0.65  |  0.70  |  0.75  |  0.80  |  0.85  |  0.90  |  0.95 
_______________________________________________________________________________________________________________________________________________________________________________________________
N0 =  600  | 0.9500 | 0.9500 | 0.9500 | 0.9500 | 0.9500 | 0.9500 | 0.9500 | 0.9500 | 0.9500 | 0.9500 | 0.9500 | 0.9500 | 0.9500 | 0.9500 | 0.9500 | 0.9500 | 0.9500 | 0.9500 | 0.9501 | 0.9501
N0 =  900  | 0.9502 | 0.9502 | 0.9502 | 0.9502 | 0.9502 | 0.9502 | 0.9502 | 0.9502 | 0.9502 | 0.9502 | 0.9502 | 0.9502 | 0.9502 | 0.9502 | 0.9502 | 0.9502 | 0.9502 | 0.9502 | 0.9502 | 0.9503
N0 = 1200  | 0.9503 | 0.9503 | 0.9503 | 0.9503 | 0.9503 | 0.9503 | 0.9503 | 0.9503 | 0.9503 | 0.9503 | 0.9503 | 0.9504 | 0.9504 | 0.9504 | 0.9504 | 0.9504 | 0.9504 | 0.9504 | 0.9504 | 0.9504
N0 = 1500  | 0.9506 | 0.9506 | 0.9506 | 0.9506 | 0.9506 | 0.9506 | 0.9506 | 0.9506 | 0.9506 | 0.9506 | 0.9506 | 0.9506 | 0.9506 | 0.9506 | 0.9506 | 0.9506 | 0.9506 | 0.9506 | 0.9506 | 0.9507
N0 = 1800  | 0.9509 | 0.9509 | 0.9509 | 0.9509 | 0.9509 | 0.9509 | 0.9509 | 0.9509 | 0.9509 | 0.9509 | 0.9509 | 0.9509 | 0.9509 | 0.9509 | 0.9509 | 0.9509 | 0.9509 | 0.9509 | 0.9509 | 0.9510
N0 = 2100  | 0.9513 | 0.9513 | 0.9513 | 0.9513 | 0.9513 | 0.9513 | 0.9513 | 0.9513 | 0.9513 | 0.9513 | 0.9513 | 0.9513 | 0.9513 | 0.9513 | 0.9513 | 0.9513 | 0.9513 | 0.9513 | 0.9513 | 0.9514
N0 = 2400  | 0.9518 | 0.9518 | 0.9518 | 0.9518 | 0.9518 | 0.9518 | 0.9518 | 0.9518 | 0.9518 | 0.9518 | 0.9518 | 0.9518 | 0.9518 | 0.9518 | 0.9518 | 0.9518 | 0.9518 | 0.9518 | 0.9518 | 0.9519



===============================================================================================================================================================================================

K = 3.0273 (for coverage probability level of ~99%)


N = 50

_______________________________________________________________________________________________________________________________________________________________________________________________
     alpha |  0.00  |  0.05  |  0.10  |  0.15  |  0.20  |  0.25  |  0.30  |  0.35  |  0.40  |  0.45  |  0.50  |  0.55  |  0.60  |  0.65  |  0.70  |  0.75  |  0.80  |  0.85  |  0.90  |  0.95 
_______________________________________________________________________________________________________________________________________________________________________________________________
N0 =   10  | 0.9901 | 0.9901 | 0.9901 | 0.9901 | 0.9901 | 0.9901 | 0.9901 | 0.9901 | 0.9901 | 0.9902 | 0.9902 | 0.9902 | 0.9903 | 0.9903 | 0.9904 | 0.9905 | 0.9906 | 0.9908 | 0.9911 | 0.9917
N0 =   15  | 0.9901 | 0.9901 | 0.9901 | 0.9901 | 0.9901 | 0.9901 | 0.9901 | 0.9901 | 0.9902 | 0.9902 | 0.9902 | 0.9902 | 0.9902 | 0.9903 | 0.9903 | 0.9904 | 0.9905 | 0.9907 | 0.9910 | 0.9916
N0 =   20  | 0.9901 | 0.9901 | 0.9901 | 0.9901 | 0.9902 | 0.9902 | 0.9902 | 0.9902 | 0.9902 | 0.9902 | 0.9902 | 0.9902 | 0.9903 | 0.9903 | 0.9903 | 0.9904 | 0.9905 | 0.9907 | 0.9909 | 0.9916
N0 =   25  | 0.9902 | 0.9902 | 0.9902 | 0.9902 | 0.9902 | 0.9902 | 0.9902 | 0.9902 | 0.9903 | 0.9903 | 0.9903 | 0.9903 | 0.9903 | 0.9904 | 0.9904 | 0.9905 | 0.9905 | 0.9907 | 0.9910 | 0.9917
N0 =   30  | 0.9903 | 0.9903 | 0.9903 | 0.9903 | 0.9903 | 0.9903 | 0.9903 | 0.9903 | 0.9903 | 0.9903 | 0.9904 | 0.9904 | 0.9904 | 0.9904 | 0.9905 | 0.9905 | 0.9906 | 0.9908 | 0.9910 | 0.9917
N0 =   35  | 0.9904 | 0.9904 | 0.9904 | 0.9904 | 0.9904 | 0.9904 | 0.9904 | 0.9904 | 0.9904 | 0.9905 | 0.9905 | 0.9905 | 0.9905 | 0.9905 | 0.9906 | 0.9906 | 0.9907 | 0.9909 | 0.9912 | 0.9919
N0 =   40  | 0.9905 | 0.9905 | 0.9905 | 0.9905 | 0.9905 | 0.9906 | 0.9906 | 0.9906 | 0.9906 | 0.9906 | 0.9906 | 0.9906 | 0.9907 | 0.9907 | 0.9907 | 0.9908 | 0.9909 | 0.9910 | 0.9913 | 0.9920



N = 100

_______________________________________________________________________________________________________________________________________________________________________________________________
     alpha |  0.00  |  0.05  |  0.10  |  0.15  |  0.20  |  0.25  |  0.30  |  0.35  |  0.40  |  0.45  |  0.50  |  0.55  |  0.60  |  0.65  |  0.70  |  0.75  |  0.80  |  0.85  |  0.90  |  0.95 
_______________________________________________________________________________________________________________________________________________________________________________________________
N0 =   20  | 0.9900 | 0.9900 | 0.9900 | 0.9900 | 0.9900 | 0.9900 | 0.9901 | 0.9901 | 0.9901 | 0.9901 | 0.9901 | 0.9901 | 0.9901 | 0.9901 | 0.9902 | 0.9902 | 0.9903 | 0.9904 | 0.9906 | 0.9911
N0 =   30  | 0.9901 | 0.9901 | 0.9901 | 0.9901 | 0.9901 | 0.9901 | 0.9901 | 0.9901 | 0.9901 | 0.9901 | 0.9901 | 0.9901 | 0.9901 | 0.9902 | 0.9902 | 0.9902 | 0.9903 | 0.9903 | 0.9905 | 0.9910
N0 =   40  | 0.9901 | 0.9901 | 0.9901 | 0.9901 | 0.9901 | 0.9901 | 0.9901 | 0.9901 | 0.9901 | 0.9901 | 0.9902 | 0.9902 | 0.9902 | 0.9902 | 0.9902 | 0.9902 | 0.9903 | 0.9904 | 0.9905 | 0.9909
N0 =   50  | 0.9902 | 0.9902 | 0.9902 | 0.9902 | 0.9902 | 0.9902 | 0.9902 | 0.9902 | 0.9902 | 0.9902 | 0.9902 | 0.9902 | 0.9902 | 0.9903 | 0.9903 | 0.9903 | 0.9903 | 0.9904 | 0.9906 | 0.9910
N0 =   60  | 0.9903 | 0.9903 | 0.9903 | 0.9903 | 0.9903 | 0.9903 | 0.9903 | 0.9903 | 0.9903 | 0.9903 | 0.9903 | 0.9903 | 0.9903 | 0.9903 | 0.9904 | 0.9904 | 0.9904 | 0.9905 | 0.9906 | 0.9911
N0 =   70  | 0.9904 | 0.9904 | 0.9904 | 0.9904 | 0.9904 | 0.9904 | 0.9904 | 0.9904 | 0.9904 | 0.9904 | 0.9904 | 0.9904 | 0.9904 | 0.9904 | 0.9905 | 0.9905 | 0.9905 | 0.9906 | 0.9908 | 0.9912
N0 =   80  | 0.9905 | 0.9905 | 0.9905 | 0.9905 | 0.9905 | 0.9905 | 0.9905 | 0.9905 | 0.9905 | 0.9905 | 0.9906 | 0.9906 | 0.9906 | 0.9906 | 0.9906 | 0.9906 | 0.9907 | 0.9908 | 0.9909 | 0.9913



N = 200

_______________________________________________________________________________________________________________________________________________________________________________________________
     alpha |  0.00  |  0.05  |  0.10  |  0.15  |  0.20  |  0.25  |  0.30  |  0.35  |  0.40  |  0.45  |  0.50  |  0.55  |  0.60  |  0.65  |  0.70  |  0.75  |  0.80  |  0.85  |  0.90  |  0.95 
_______________________________________________________________________________________________________________________________________________________________________________________________
N0 =   40  | 0.9900 | 0.9900 | 0.9900 | 0.9900 | 0.9900 | 0.9900 | 0.9900 | 0.9900 | 0.9900 | 0.9900 | 0.9900 | 0.9900 | 0.9901 | 0.9901 | 0.9901 | 0.9901 | 0.9901 | 0.9902 | 0.9903 | 0.9906
N0 =   60  | 0.9901 | 0.9901 | 0.9901 | 0.9901 | 0.9901 | 0.9901 | 0.9901 | 0.9901 | 0.9901 | 0.9901 | 0.9901 | 0.9901 | 0.9901 | 0.9901 | 0.9901 | 0.9901 | 0.9901 | 0.9902 | 0.9903 | 0.9905
N0 =   80  | 0.9901 | 0.9901 | 0.9901 | 0.9901 | 0.9901 | 0.9901 | 0.9901 | 0.9901 | 0.9901 | 0.9901 | 0.9901 | 0.9901 | 0.9901 | 0.9901 | 0.9902 | 0.9902 | 0.9902 | 0.9902 | 0.9903 | 0.9905
N0 =  100  | 0.9902 | 0.9902 | 0.9902 | 0.9902 | 0.9902 | 0.9902 | 0.9902 | 0.9902 | 0.9902 | 0.9902 | 0.9902 | 0.9902 | 0.9902 | 0.9902 | 0.9902 | 0.9902 | 0.9903 | 0.9903 | 0.9904 | 0.9906
N0 =  120  | 0.9903 | 0.9903 | 0.9903 | 0.9903 | 0.9903 | 0.9903 | 0.9903 | 0.9903 | 0.9903 | 0.9903 | 0.9903 | 0.9903 | 0.9903 | 0.9903 | 0.9903 | 0.9903 | 0.9903 | 0.9904 | 0.9904 | 0.9907
N0 =  140  | 0.9904 | 0.9904 | 0.9904 | 0.9904 | 0.9904 | 0.9904 | 0.9904 | 0.9904 | 0.9904 | 0.9904 | 0.9904 | 0.9904 | 0.9904 | 0.9904 | 0.9904 | 0.9904 | 0.9904 | 0.9905 | 0.9906 | 0.9908
N0 =  160  | 0.9905 | 0.9905 | 0.9905 | 0.9905 | 0.9905 | 0.9905 | 0.9905 | 0.9905 | 0.9905 | 0.9905 | 0.9905 | 0.9905 | 0.9905 | 0.9905 | 0.9905 | 0.9906 | 0.9906 | 0.9906 | 0.9907 | 0.9909



N = 400

_______________________________________________________________________________________________________________________________________________________________________________________________
     alpha |  0.00  |  0.05  |  0.10  |  0.15  |  0.20  |  0.25  |  0.30  |  0.35  |  0.40  |  0.45  |  0.50  |  0.55  |  0.60  |  0.65  |  0.70  |  0.75  |  0.80  |  0.85  |  0.90  |  0.95 
_______________________________________________________________________________________________________________________________________________________________________________________________
N0 =   80  | 0.9900 | 0.9900 | 0.9900 | 0.9900 | 0.9900 | 0.9900 | 0.9900 | 0.9900 | 0.9900 | 0.9900 | 0.9900 | 0.9900 | 0.9900 | 0.9900 | 0.9900 | 0.9901 | 0.9901 | 0.9901 | 0.9901 | 0.9903
N0 =  120  | 0.9900 | 0.9900 | 0.9901 | 0.9901 | 0.9901 | 0.9901 | 0.9901 | 0.9901 | 0.9901 | 0.9901 | 0.9901 | 0.9901 | 0.9901 | 0.9901 | 0.9901 | 0.9901 | 0.9901 | 0.9901 | 0.9902 | 0.9903
N0 =  160  | 0.9901 | 0.9901 | 0.9901 | 0.9901 | 0.9901 | 0.9901 | 0.9901 | 0.9901 | 0.9901 | 0.9901 | 0.9901 | 0.9901 | 0.9901 | 0.9901 | 0.9901 | 0.9901 | 0.9901 | 0.9902 | 0.9902 | 0.9903
N0 =  200  | 0.9902 | 0.9902 | 0.9902 | 0.9902 | 0.9902 | 0.9902 | 0.9902 | 0.9902 | 0.9902 | 0.9902 | 0.9902 | 0.9902 | 0.9902 | 0.9902 | 0.9902 | 0.9902 | 0.9902 | 0.9902 | 0.9903 | 0.9904
N0 =  240  | 0.9903 | 0.9903 | 0.9903 | 0.9903 | 0.9903 | 0.9903 | 0.9903 | 0.9903 | 0.9903 | 0.9903 | 0.9903 | 0.9903 | 0.9903 | 0.9903 | 0.9903 | 0.9903 | 0.9903 | 0.9903 | 0.9903 | 0.9904
N0 =  280  | 0.9904 | 0.9904 | 0.9904 | 0.9904 | 0.9904 | 0.9904 | 0.9904 | 0.9904 | 0.9904 | 0.9904 | 0.9904 | 0.9904 | 0.9904 | 0.9904 | 0.9904 | 0.9904 | 0.9904 | 0.9904 | 0.9905 | 0.9906
N0 =  320  | 0.9905 | 0.9905 | 0.9905 | 0.9905 | 0.9905 | 0.9905 | 0.9905 | 0.9905 | 0.9905 | 0.9905 | 0.9905 | 0.9905 | 0.9905 | 0.9905 | 0.9905 | 0.9905 | 0.9905 | 0.9906 | 0.9906 | 0.9907



N = 600

_______________________________________________________________________________________________________________________________________________________________________________________________
     alpha |  0.00  |  0.05  |  0.10  |  0.15  |  0.20  |  0.25  |  0.30  |  0.35  |  0.40  |  0.45  |  0.50  |  0.55  |  0.60  |  0.65  |  0.70  |  0.75  |  0.80  |  0.85  |  0.90  |  0.95 
_______________________________________________________________________________________________________________________________________________________________________________________________
N0 =  120  | 0.9900 | 0.9900 | 0.9900 | 0.9900 | 0.9900 | 0.9900 | 0.9900 | 0.9900 | 0.9900 | 0.9900 | 0.9900 | 0.9900 | 0.9900 | 0.9900 | 0.9900 | 0.9900 | 0.9900 | 0.9901 | 0.9901 | 0.9902
N0 =  180  | 0.9900 | 0.9900 | 0.9900 | 0.9900 | 0.9900 | 0.9900 | 0.9901 | 0.9901 | 0.9901 | 0.9901 | 0.9901 | 0.9901 | 0.9901 | 0.9901 | 0.9901 | 0.9901 | 0.9901 | 0.9901 | 0.9901 | 0.9902
N0 =  240  | 0.9901 | 0.9901 | 0.9901 | 0.9901 | 0.9901 | 0.9901 | 0.9901 | 0.9901 | 0.9901 | 0.9901 | 0.9901 | 0.9901 | 0.9901 | 0.9901 | 0.9901 | 0.9901 | 0.9901 | 0.9901 | 0.9902 | 0.9902
N0 =  300  | 0.9902 | 0.9902 | 0.9902 | 0.9902 | 0.9902 | 0.9902 | 0.9902 | 0.9902 | 0.9902 | 0.9902 | 0.9902 | 0.9902 | 0.9902 | 0.9902 | 0.9902 | 0.9902 | 0.9902 | 0.9902 | 0.9902 | 0.9903
N0 =  360  | 0.9903 | 0.9903 | 0.9903 | 0.9903 | 0.9903 | 0.9903 | 0.9903 | 0.9903 | 0.9903 | 0.9903 | 0.9903 | 0.9903 | 0.9903 | 0.9903 | 0.9903 | 0.9903 | 0.9903 | 0.9903 | 0.9903 | 0.9904
N0 =  420  | 0.9904 | 0.9904 | 0.9904 | 0.9904 | 0.9904 | 0.9904 | 0.9904 | 0.9904 | 0.9904 | 0.9904 | 0.9904 | 0.9904 | 0.9904 | 0.9904 | 0.9904 | 0.9904 | 0.9904 | 0.9904 | 0.9904 | 0.9905
N0 =  480  | 0.9905 | 0.9905 | 0.9905 | 0.9905 | 0.9905 | 0.9905 | 0.9905 | 0.9905 | 0.9905 | 0.9905 | 0.9905 | 0.9905 | 0.9905 | 0.9905 | 0.9905 | 0.9905 | 0.9905 | 0.9905 | 0.9906 | 0.9906



N = 800

_______________________________________________________________________________________________________________________________________________________________________________________________
     alpha |  0.00  |  0.05  |  0.10  |  0.15  |  0.20  |  0.25  |  0.30  |  0.35  |  0.40  |  0.45  |  0.50  |  0.55  |  0.60  |  0.65  |  0.70  |  0.75  |  0.80  |  0.85  |  0.90  |  0.95 
_______________________________________________________________________________________________________________________________________________________________________________________________
N0 =  160  | 0.9900 | 0.9900 | 0.9900 | 0.9900 | 0.9900 | 0.9900 | 0.9900 | 0.9900 | 0.9900 | 0.9900 | 0.9900 | 0.9900 | 0.9900 | 0.9900 | 0.9900 | 0.9900 | 0.9900 | 0.9900 | 0.9901 | 0.9901
N0 =  240  | 0.9900 | 0.9900 | 0.9900 | 0.9900 | 0.9900 | 0.9900 | 0.9900 | 0.9900 | 0.9901 | 0.9901 | 0.9901 | 0.9901 | 0.9901 | 0.9901 | 0.9901 | 0.9901 | 0.9901 | 0.9901 | 0.9901 | 0.9902
N0 =  320  | 0.9901 | 0.9901 | 0.9901 | 0.9901 | 0.9901 | 0.9901 | 0.9901 | 0.9901 | 0.9901 | 0.9901 | 0.9901 | 0.9901 | 0.9901 | 0.9901 | 0.9901 | 0.9901 | 0.9901 | 0.9901 | 0.9901 | 0.9902
N0 =  400  | 0.9902 | 0.9902 | 0.9902 | 0.9902 | 0.9902 | 0.9902 | 0.9902 | 0.9902 | 0.9902 | 0.9902 | 0.9902 | 0.9902 | 0.9902 | 0.9902 | 0.9902 | 0.9902 | 0.9902 | 0.9902 | 0.9902 | 0.9903
N0 =  480  | 0.9903 | 0.9903 | 0.9903 | 0.9903 | 0.9903 | 0.9903 | 0.9903 | 0.9903 | 0.9903 | 0.9903 | 0.9903 | 0.9903 | 0.9903 | 0.9903 | 0.9903 | 0.9903 | 0.9903 | 0.9903 | 0.9903 | 0.9903
N0 =  560  | 0.9904 | 0.9904 | 0.9904 | 0.9904 | 0.9904 | 0.9904 | 0.9904 | 0.9904 | 0.9904 | 0.9904 | 0.9904 | 0.9904 | 0.9904 | 0.9904 | 0.9904 | 0.9904 | 0.9904 | 0.9904 | 0.9904 | 0.9905
N0 =  640  | 0.9905 | 0.9905 | 0.9905 | 0.9905 | 0.9905 | 0.9905 | 0.9905 | 0.9905 | 0.9905 | 0.9905 | 0.9905 | 0.9905 | 0.9905 | 0.9905 | 0.9905 | 0.9905 | 0.9905 | 0.9905 | 0.9905 | 0.9906



N = 1000

_______________________________________________________________________________________________________________________________________________________________________________________________
     alpha |  0.00  |  0.05  |  0.10  |  0.15  |  0.20  |  0.25  |  0.30  |  0.35  |  0.40  |  0.45  |  0.50  |  0.55  |  0.60  |  0.65  |  0.70  |  0.75  |  0.80  |  0.85  |  0.90  |  0.95 
_______________________________________________________________________________________________________________________________________________________________________________________________
N0 =  200  | 0.9900 | 0.9900 | 0.9900 | 0.9900 | 0.9900 | 0.9900 | 0.9900 | 0.9900 | 0.9900 | 0.9900 | 0.9900 | 0.9900 | 0.9900 | 0.9900 | 0.9900 | 0.9900 | 0.9900 | 0.9900 | 0.9901 | 0.9901
N0 =  300  | 0.9900 | 0.9900 | 0.9900 | 0.9900 | 0.9900 | 0.9900 | 0.9900 | 0.9900 | 0.9900 | 0.9900 | 0.9901 | 0.9901 | 0.9901 | 0.9901 | 0.9901 | 0.9901 | 0.9901 | 0.9901 | 0.9901 | 0.9901
N0 =  400  | 0.9901 | 0.9901 | 0.9901 | 0.9901 | 0.9901 | 0.9901 | 0.9901 | 0.9901 | 0.9901 | 0.9901 | 0.9901 | 0.9901 | 0.9901 | 0.9901 | 0.9901 | 0.9901 | 0.9901 | 0.9901 | 0.9901 | 0.9902
N0 =  500  | 0.9902 | 0.9902 | 0.9902 | 0.9902 | 0.9902 | 0.9902 | 0.9902 | 0.9902 | 0.9902 | 0.9902 | 0.9902 | 0.9902 | 0.9902 | 0.9902 | 0.9902 | 0.9902 | 0.9902 | 0.9902 | 0.9902 | 0.9902
N0 =  600  | 0.9903 | 0.9903 | 0.9903 | 0.9903 | 0.9903 | 0.9903 | 0.9903 | 0.9903 | 0.9903 | 0.9903 | 0.9903 | 0.9903 | 0.9903 | 0.9903 | 0.9903 | 0.9903 | 0.9903 | 0.9903 | 0.9903 | 0.9903
N0 =  700  | 0.9904 | 0.9904 | 0.9904 | 0.9904 | 0.9904 | 0.9904 | 0.9904 | 0.9904 | 0.9904 | 0.9904 | 0.9904 | 0.9904 | 0.9904 | 0.9904 | 0.9904 | 0.9904 | 0.9904 | 0.9904 | 0.9904 | 0.9904
N0 =  800  | 0.9905 | 0.9905 | 0.9905 | 0.9905 | 0.9905 | 0.9905 | 0.9905 | 0.9905 | 0.9905 | 0.9905 | 0.9905 | 0.9905 | 0.9905 | 0.9905 | 0.9905 | 0.9905 | 0.9905 | 0.9905 | 0.9905 | 0.9906



N = 1500

_______________________________________________________________________________________________________________________________________________________________________________________________
     alpha |  0.00  |  0.05  |  0.10  |  0.15  |  0.20  |  0.25  |  0.30  |  0.35  |  0.40  |  0.45  |  0.50  |  0.55  |  0.60  |  0.65  |  0.70  |  0.75  |  0.80  |  0.85  |  0.90  |  0.95 
_______________________________________________________________________________________________________________________________________________________________________________________________
N0 =  300  | 0.9900 | 0.9900 | 0.9900 | 0.9900 | 0.9900 | 0.9900 | 0.9900 | 0.9900 | 0.9900 | 0.9900 | 0.9900 | 0.9900 | 0.9900 | 0.9900 | 0.9900 | 0.9900 | 0.9900 | 0.9900 | 0.9900 | 0.9901
N0 =  450  | 0.9900 | 0.9900 | 0.9900 | 0.9900 | 0.9900 | 0.9900 | 0.9900 | 0.9900 | 0.9900 | 0.9900 | 0.9900 | 0.9900 | 0.9901 | 0.9901 | 0.9901 | 0.9901 | 0.9901 | 0.9901 | 0.9901 | 0.9901
N0 =  600  | 0.9901 | 0.9901 | 0.9901 | 0.9901 | 0.9901 | 0.9901 | 0.9901 | 0.9901 | 0.9901 | 0.9901 | 0.9901 | 0.9901 | 0.9901 | 0.9901 | 0.9901 | 0.9901 | 0.9901 | 0.9901 | 0.9901 | 0.9902
N0 =  750  | 0.9902 | 0.9902 | 0.9902 | 0.9902 | 0.9902 | 0.9902 | 0.9902 | 0.9902 | 0.9902 | 0.9902 | 0.9902 | 0.9902 | 0.9902 | 0.9902 | 0.9902 | 0.9902 | 0.9902 | 0.9902 | 0.9902 | 0.9902
N0 =  900  | 0.9903 | 0.9903 | 0.9903 | 0.9903 | 0.9903 | 0.9903 | 0.9903 | 0.9903 | 0.9903 | 0.9903 | 0.9903 | 0.9903 | 0.9903 | 0.9903 | 0.9903 | 0.9903 | 0.9903 | 0.9903 | 0.9903 | 0.9903
N0 = 1050  | 0.9904 | 0.9904 | 0.9904 | 0.9904 | 0.9904 | 0.9904 | 0.9904 | 0.9904 | 0.9904 | 0.9904 | 0.9904 | 0.9904 | 0.9904 | 0.9904 | 0.9904 | 0.9904 | 0.9904 | 0.9904 | 0.9904 | 0.9904
N0 = 1200  | 0.9905 | 0.9905 | 0.9905 | 0.9905 | 0.9905 | 0.9905 | 0.9905 | 0.9905 | 0.9905 | 0.9905 | 0.9905 | 0.9905 | 0.9905 | 0.9905 | 0.9905 | 0.9905 | 0.9905 | 0.9905 | 0.9905 | 0.9905



N = 2000

_______________________________________________________________________________________________________________________________________________________________________________________________
     alpha |  0.00  |  0.05  |  0.10  |  0.15  |  0.20  |  0.25  |  0.30  |  0.35  |  0.40  |  0.45  |  0.50  |  0.55  |  0.60  |  0.65  |  0.70  |  0.75  |  0.80  |  0.85  |  0.90  |  0.95 
_______________________________________________________________________________________________________________________________________________________________________________________________
N0 =  400  | 0.9900 | 0.9900 | 0.9900 | 0.9900 | 0.9900 | 0.9900 | 0.9900 | 0.9900 | 0.9900 | 0.9900 | 0.9900 | 0.9900 | 0.9900 | 0.9900 | 0.9900 | 0.9900 | 0.9900 | 0.9900 | 0.9900 | 0.9901
N0 =  600  | 0.9900 | 0.9900 | 0.9900 | 0.9900 | 0.9900 | 0.9900 | 0.9900 | 0.9900 | 0.9900 | 0.9900 | 0.9900 | 0.9900 | 0.9900 | 0.9900 | 0.9901 | 0.9901 | 0.9901 | 0.9901 | 0.9901 | 0.9901
N0 =  800  | 0.9901 | 0.9901 | 0.9901 | 0.9901 | 0.9901 | 0.9901 | 0.9901 | 0.9901 | 0.9901 | 0.9901 | 0.9901 | 0.9901 | 0.9901 | 0.9901 | 0.9901 | 0.9901 | 0.9901 | 0.9901 | 0.9901 | 0.9901
N0 = 1000  | 0.9902 | 0.9902 | 0.9902 | 0.9902 | 0.9902 | 0.9902 | 0.9902 | 0.9902 | 0.9902 | 0.9902 | 0.9902 | 0.9902 | 0.9902 | 0.9902 | 0.9902 | 0.9902 | 0.9902 | 0.9902 | 0.9902 | 0.9902
N0 = 1200  | 0.9903 | 0.9903 | 0.9903 | 0.9903 | 0.9903 | 0.9903 | 0.9903 | 0.9903 | 0.9903 | 0.9903 | 0.9903 | 0.9903 | 0.9903 | 0.9903 | 0.9903 | 0.9903 | 0.9903 | 0.9903 | 0.9903 | 0.9903
N0 = 1400  | 0.9904 | 0.9904 | 0.9904 | 0.9904 | 0.9904 | 0.9904 | 0.9904 | 0.9904 | 0.9904 | 0.9904 | 0.9904 | 0.9904 | 0.9904 | 0.9904 | 0.9904 | 0.9904 | 0.9904 | 0.9904 | 0.9904 | 0.9904
N0 = 1600  | 0.9905 | 0.9905 | 0.9905 | 0.9905 | 0.9905 | 0.9905 | 0.9905 | 0.9905 | 0.9905 | 0.9905 | 0.9905 | 0.9905 | 0.9905 | 0.9905 | 0.9905 | 0.9905 | 0.9905 | 0.9905 | 0.9905 | 0.9905



N = 3000

_______________________________________________________________________________________________________________________________________________________________________________________________
     alpha |  0.00  |  0.05  |  0.10  |  0.15  |  0.20  |  0.25  |  0.30  |  0.35  |  0.40  |  0.45  |  0.50  |  0.55  |  0.60  |  0.65  |  0.70  |  0.75  |  0.80  |  0.85  |  0.90  |  0.95 
_______________________________________________________________________________________________________________________________________________________________________________________________
N0 =  600  | 0.9900 | 0.9900 | 0.9900 | 0.9900 | 0.9900 | 0.9900 | 0.9900 | 0.9900 | 0.9900 | 0.9900 | 0.9900 | 0.9900 | 0.9900 | 0.9900 | 0.9900 | 0.9900 | 0.9900 | 0.9900 | 0.9900 | 0.9900
N0 =  900  | 0.9900 | 0.9900 | 0.9900 | 0.9900 | 0.9900 | 0.9900 | 0.9900 | 0.9900 | 0.9900 | 0.9900 | 0.9900 | 0.9900 | 0.9900 | 0.9900 | 0.9900 | 0.9900 | 0.9901 | 0.9901 | 0.9901 | 0.9901
N0 = 1200  | 0.9901 | 0.9901 | 0.9901 | 0.9901 | 0.9901 | 0.9901 | 0.9901 | 0.9901 | 0.9901 | 0.9901 | 0.9901 | 0.9901 | 0.9901 | 0.9901 | 0.9901 | 0.9901 | 0.9901 | 0.9901 | 0.9901 | 0.9901
N0 = 1500  | 0.9902 | 0.9902 | 0.9902 | 0.9902 | 0.9902 | 0.9902 | 0.9902 | 0.9902 | 0.9902 | 0.9902 | 0.9902 | 0.9902 | 0.9902 | 0.9902 | 0.9902 | 0.9902 | 0.9902 | 0.9902 | 0.9902 | 0.9902
N0 = 1800  | 0.9903 | 0.9903 | 0.9903 | 0.9903 | 0.9903 | 0.9903 | 0.9903 | 0.9903 | 0.9903 | 0.9903 | 0.9903 | 0.9903 | 0.9903 | 0.9903 | 0.9903 | 0.9903 | 0.9903 | 0.9903 | 0.9903 | 0.9903
N0 = 2100  | 0.9904 | 0.9904 | 0.9904 | 0.9904 | 0.9904 | 0.9904 | 0.9904 | 0.9904 | 0.9904 | 0.9904 | 0.9904 | 0.9904 | 0.9904 | 0.9904 | 0.9904 | 0.9904 | 0.9904 | 0.9904 | 0.9904 | 0.9904
N0 = 2400  | 0.9905 | 0.9905 | 0.9905 | 0.9905 | 0.9905 | 0.9905 | 0.9905 | 0.9905 | 0.9905 | 0.9905 | 0.9905 | 0.9905 | 0.9905 | 0.9905 | 0.9905 | 0.9905 | 0.9905 | 0.9905 | 0.9905 | 0.9905
